0 87.4367568493
1 43.6017940044
2 20.9982130527
3 0.100003004074
4 64.6000130177
5 49.9039399624
6 22.7949631214
7 29.8044860363
8 11.0994329453
9 55.9971568584
10 14.8041880131
11 111.995784998
12 0.102862119675
13 54.9971530437
14 44.7032599449
15 86.2967178822
16 0.102660179138
17 15.2974288464
18 21.499974966
19 15.6000390053
20 35.900742054
21 18.3991551399
22 0.0999720096588
23 32.6000409126
24 10.2000200748
25 0.10052895546
26 98.3994810581
27 81.6000099182
28 12.9999420643
29 46.4113588333
